1.0708	12.3	23	154.25	67.75	36.2	93.1	85.2	94.5	59	37.3	21.9	32	27.4	17.1
1.0666,61,148.25,67.5,36,91.6,81.8,94.8,54.5,37,21.4,29.3,27,18.3 - 77

1.0202,46,363.15,72.25,51.2,136.2,148.1,147.7,87.3,49.1,29.6,45,29,21.4 - 40

1.0814,39,125.25,68,31.5,85.1,76,88.2,50,34.7,21,26.1,23.1,	16.1 - 46

1.0573,44,179.75,69.5,39.2,101.9,93.2,100.6,58.9,39.7,23.1,31.4,28.4,18.8 - 93

1.0693,55,156.75,71.5,36.3,94.4,84.6,94.3,51.2,37.4,21.6,27.3,27.1,17.3 - 71

35,152.25,67.75,37,92.2,81.9,92.8,54.7,36.2,22.1,30.4,27.4,17.7 - 172

37,241.25,71.5,42.1,119.2,110.3,113.9,69.8,42.6,24.8,34.4,29.5,18.4 - 179

42,193.5,70.5,40.7,104.9,94.1,102.7,60.6,38.6,24.7,34,30.1,18.7 - 194